32 1
184.7509001210175 
-41.021317491585734 
-14.750350951144132 
-14.750350951052255 
-1.0520800524998215 
-40.18816349232617 
-22.70091787478004 
-38.12287040135372 
6.123658755938125 
16.645449742666074 
9.692381377770118 
2.0598746020173664 
-41.02131749158698 
-12.331433578341628 
-28.689883912989508 
2.4189173728036524 
13.698270898749417 
-39.13608343973357 
17.48724561760046 
-15.421952526559593 
44.24652915730699 
10.521790986753853 
-6.9530683648613305 
-7.632506775725602 
-43.081192093621134 
-26.270966540184705 
-134.89746576163242 
-66.08921022415835 
-4.655130127331013E-9 
3.6823018279013056 
330.6640878771757 
0.0 
