30 1
1.047482794047692 
-41.17340141781162 
-88.38150277249787 
-88.38150277249787 
-105.17153421086122 
-57.69187816149583 
-38.31078004710876 
-26.500250572305315 
-22.578093089539994 
-53.3737604950452 
-31.24369416038812 
-41.47098169313778 
-41.17340141781162 
-53.131661519984334 
12.16991961438562 
36.95978923685109 
-36.656058469719525 
35.42044689896117 
7.535480951534522 
-1.461657835798483 
1.095223883079278 
-28.237114443842636 
32.43044820043726 
-15.376372055901076 
-6.33365171713634 
48.530006298986294 
-471.8216230043296 
-1.4631720608923423E-9 
-9.52626281517237 
0.0 
